Bfxr-settings:

explosion1.ogg
3,0.5,,0.3269,0.7507,0.4853,0.3,0.0309,,0.2246,,,,,,,,,,,,,,,,1,,,,,,,masterVolume

explosion2.ogg
3,0.5,,0.2727,0.5701,0.3253,0.3,0.1215,,-0.2225,,,,,,,,,,,,,0.6655,-0.1149,-0.22,1,,,,,,,masterVolume

explosion3.ogg
3,0.5,,0.2089,0.6044,0.4154,0.3,0.0322,,-0.0393,,,,,,,0.6546,0.8737,,,,,0.4429,,,1,,,,,,,masterVolume

explosion4.ogg
3,0.5,,0.2937,0.3716,0.4985,0.3,0.0672,,0.2839,,,,,,,,,,,,,0.562,-0.0582,-0.1582,1,,,,,,,masterVolume

explosion5.ogg
3,0.5,,0.3196,0.7337,0.78,0.3,0.0813,,-0.099,,,,,,,,,,,,,0.7873,0.1123,-0.1734,1,,,,,,,masterVolume

explosion6.ogg
3,0.5,,0.3929,0.5364,0.4003,0.3,0.2106,,-0.2247,,,,,,,0.385,0.8718,,,,,,,,1,,,,,,,masterVolume

laser1.ogg
,0.5,,0.2967,,0.2914,0.3,0.7255,0.2,-0.3092,,,,,,,,,,,0.2219,0.0331,,,,1,,,0.0631,,,,masterVolume

laser2.ogg
,0.5,0.0118,0.3453,,0.326,0.2644,0.7664,0.2,-0.2854,,0.0451,,,,0.0241,,,-0.0136,,0.1888,0.0001,,,0.0277,1,,,0.0964,,,,masterVolume

laser3.ogg
1,0.5,,0.1293,,0.3663,0.3,0.5629,0.2,-0.2119,,,,,,,,,,,0.2519,0.1988,,,,1,,,,,,,masterVolume

laser4.ogg
0.9477,0.5,,0.075,,0.325,0.298,0.4417,0.2297,-0.1936,-0.133,,,0.0341,0.0241,0.0582,0.0154,0.0838,-0.0115,0.0329,0.1367,0.1509,0.0799,0.0561,0.0103,0.9366,0.0711,0.0538,,-0.086,0.0397,-0.0256,masterVolume

laser5.ogg
0.9652,0.5,0.0208,0.0254,,0.367,0.2247,0.4115,0.188,-0.2317,-0.1637,0.0216,0.0011,,,0.0578,0.0009,0.1204,-0.0136,0.0482,0.1777,0.1705,0.0339,0.0732,0.042,0.9729,-0.0159,0.0285,0.0406,-0.0952,0.0882,-0.1005,masterVolume

laser6.ogg
,0.5,,0.2457,0.2377,0.2504,0.3,0.3942,0.0277,-0.5929,,,,,,,,,,,0.5136,-0.6456,,0.073,-0.1445,1,,,0.0326,,,,masterVolume

message1.ogg
2,0.5,0.2785,0.4801,0.9324,0.1675,0.0391,0.5072,,-0.0078,-0.0465,0.031,0.7847,0.9968,0.9911,0.2138,0.9972,0.884,0.6687,0.5264,0.8109,0.3653,,-0.9695,-0.9489,0.8263,0.0691,0.6207,0.0065,-0.3313,0.5176,-0.9999,masterVolume

warpout.ogg
3.0493,0.5,0.8,0.394,0.0938,1,0.0185,0.25,0.0499,-0.02,-0.0318,0.0044,0.4164,0.1645,0.871,0.3855,0.0716,0.5892,0.1991,0.1698,0.3341,-0.4582,,-0.9995,-0.4447,0.8714,-0.0357,0.6177,0.8166,0.206,0.0017,0.5817,masterVolume
